0014
0170
0222
0232
0233
0256
0259
0282
0286
0293
0300
0311
0318
0320
0327
0331
0337
0339
0340
0341
0344
0350
0353
0359
0365
0368
0370
0373
0377
0379
0383
0389
0390
0391
0392
0393
0397
0403
0407
0408
0414
0432
0436
0437
0438
0439
0440
0449
0492
0495
0514
0528
0529
0539
0541
0549
0551
0554
0559
0566
0567
0575
0577
0578
0581
0590
0594
0613
0614
0617
0620
0621
0622
0628
0630
0633
0634
0637
0640
0666
0711
0714
0750
0803
0824
0834
0891
0943
0947
0995
1005
1123
1128
1226
1233
1258
1276
1302
1430
1480
1512
1592
1595
1601
1603
1610
1616
1685
1726
1558
1435
1695
0989
0130
0163
1183
1797
0601
1078
0873
1668
1502
1143
1459
0646
1049
1750
1150
1306
1766
1070
0023
1181
1170
1103
0343
1212
1222
1643
1763
1227
1718
0586
0756
1618
0364
1365
0899
1789
1505
0187
1190
1251
1219
1754
1693
1714
1494
0985
1058
1182
0744
1075
1207
1786
1159
1191
0924
1759
1557
0235
1760
1457
1432
1196
1736
1021
0987
1044
0485
0735
1127
1289
1068
1743
0939
1307
1756
1179
1225
0591
1783
1454
0863
1022
1427
1516
1445
1236
0839
1614
0706