0293
0294
0295
0297
0298
0299
0300
0301
0302
0303
0304
0305
0306
0307
0308
0309
0311
0313
0314
0315
0316
0317
0318
0319
0320
0321
0322
0323
0324
0325
0326
0327
0328
0329
0330
0331
0334
0335
0336
0337
0338
0339
0340
0341
0342
0343
0344
0345
0346
0347
0348
0349
0350
0351
0352
0353
0354
0355
0356
0358
0359
0360
0361
0362
0363
0364
0365
0366
0367
0368
0369
0370
0371
0372
0373
0374
0375
0376
0377
0378
0379
0380
0381
0383
0384
0385
0386
0387
0388
0389
0390
0391
0392
0393
0394
0396
0397
0398
0399
0400
0401
0402
0403
0404
0405
0406
0407
0408
0409
0410
0411
0412
0414
0415
0416
0417
0418
0419
0420
0421
0422
0423
0424
0425
0426
0427
0429
0430
0431
0432
0433
0434
0435
0436
0437
0438
0439
0440
0441
0442
0443
0444
0445
0446
0447
0448
0449
0450
0451
0452
0453
0454
0455
0456
0457
0458
0459
0460
0461
0462
0463
0464
0465
0466
0467
0468
0469
0470
0471
0472
0473
0474
0475
0478
0479
0480
0481
0482
0483
0484
0485
0486
0487
0488
0489
0490
0492
0493
0494
0495
0496
0497
0498
0499
0500
0501
0502
0503
0504
0505
0506
0507
0508
0509
0510
0511
0512
0513
0514
0515
0516
0517
0518
0519
0520
0521
0522
0523
0524
0525
0526
0527
0528
0529
0530
0531
0532
0533
0534
0535
0536
0537
0538
0539
0540
0541
0542
0543
0544
0545
0546
0547
0549
0551
0552
0553
0554
0555
0556
0557
0558
0559
0560
0561
0563
0564
0565
0566
0567
0568
0569
0570
0571
0572
0573
0574
0575
0577
0578
0579
0580
0581
